day,weekday,month,y,is_hoilday,weather,mean_temp,MA3
2020-01-01,3,1,0,1,阴,8,0
2020-01-02,4,1,0,0,多云,9,0
2020-01-03,5,1,0,0,多云,10,0
2020-01-04,6,1,0,1,阴,9,0
2020-01-05,7,1,4491,1,阴,8,4368.25
2020-01-06,1,1,5022,0,小雨,7,4489.25
2020-01-07,2,1,6114,0,多云,9,4749.75
2020-01-08,3,1,6117,0,阴,7,5085.25
2020-01-09,4,1,6854,0,阴,7,5436
2020-01-10,5,1,9282,0,阴,5,6026.75
2020-01-11,6,1,9743,1,晴,8,7091.75
2020-01-12,7,1,10035,1,阴,7,7999
2020-01-13,1,1,10460,0,阴,7,8978.5
2020-01-14,2,1,10187,0,阴,6,9880
2020-01-15,3,1,10715,0,小雨,6,10106.25
2020-01-16,4,1,11117,0,阴,7,10349.25
2020-01-17,5,1,11533,0,阴,6,10619.75
2020-01-18,6,1,10302,1,小雨,5,10888
2020-01-19,7,1,10781,1,阴,8,10916.75
2020-01-20,1,1,10082,0,阴,7,10933.25
2020-01-21,2,1,8596,0,阴,8,10674.5
2020-01-22,3,1,6345,0,阴,8,9940.25
2020-01-23,4,1,3597,0,阴,9,8951
2020-01-24,5,1,1721,1,小雨,8,7155
2020-01-25,6,1,1083,1,多云,8,5064.75
2020-01-26,7,1,982,0,阴,6,3186.5
2020-01-27,1,1,797,0,小雨,5,1845.75
2020-01-28,2,1,805,0,小雨,6,1145.75
2020-01-29,3,1,792,0,阴,8,916.75
2020-01-30,4,1,617,0,阴,7,844
2020-01-31,5,1,498,1,小雨,7,752.75
2020-02-01,6,2,366,1,阴,7,678
2020-02-02,7,2,325,0,小雨,8,568.25
2020-02-03,1,2,331,0,晴,8,451.5
2020-02-04,2,2,306,1,阴,8,380
2020-02-05,3,2,311,1,小雨,7,332
2020-02-06,4,2,281,1,多云,9,318.25
2020-02-07,5,2,304,1,小雨,8,307.25
2020-02-08,6,2,272,1,阴,9,300.5
2020-02-09,7,2,326,1,多云,10,292
2020-02-10,1,2,379,1,多云,10,295.75
2020-02-11,2,2,282,0,多云,11,320.25
2020-02-12,3,2,307,0,阴,12,314.75
2020-02-13,4,2,318,0,多云,13,323.5
2020-02-14,5,2,337,0,阴,10,321.5
2020-02-15,6,2,263,1,阴,5,311
2020-02-16,7,2,279,1,晴,7,306.25
2020-02-17,1,2,384,0,多云,7,299.25
2020-02-18,2,2,416,0,阴,7,315.75
2020-02-19,3,2,419,0,晴,9,335.5
2020-02-20,4,2,428,0,阴,10,374.5
2020-02-21,5,2,420,0,多云,11,411.75
2020-02-22,6,2,427,1,多云,11,420.75
2020-02-23,7,2,435,1,多云,12,423.5
2020-02-24,1,2,550,0,晴,13,427.5
2020-02-25,2,2,600,0,多云,15,458
2020-02-26,3,2,735,0,多云,15,503
2020-02-27,4,2,716,0,多云,14,580
2020-02-28,5,2,822,0,小雨,14,650.25
2020-02-29,6,2,667,1,多云,16,718.25
2020-03-01,7,3,744,1,阴,14,735
2020-03-02,1,3,1204,1,小雨,10,737.25
2020-03-03,2,3,1201,0,小雨,12,859.25
2020-03-04,3,3,1304,0,多云,12,954
2020-03-05,4,3,1556,0,小雨,12,1113.25
2020-03-06,5,3,1670,0,多云,13,1316.25
2020-03-07,6,3,1332,0,多云,15,1432.75
2020-03-08,7,3,1314,1,阴,14,1465.5
2020-03-09,1,3,2049,1,多云,13,1468
2020-03-10,2,3,2264,0,多云,13,1591.25
2020-03-11,3,3,2266,0,阴,12,1739.75
2020-03-12,4,3,2773,0,阴,14,1973.25
2020-03-13,5,3,2701,0,多云,15,2338
2020-03-14,6,3,2366,0,多云,14,2501
2020-03-15,7,3,2246,1,阴,13,2526.5
2020-03-16,1,3,3830,1,小雨,12,2521.5
2020-03-17,2,3,4255,0,多云,16,2785.75
2020-03-18,3,3,4587,0,多云,17,3174.25
2020-03-19,4,3,4719,0,晴,18,3729.5
2020-03-20,5,3,5072,0,晴,19,4347.75
2020-03-21,6,3,4051,0,多云,20,4658.25
2020-03-22,7,3,3765,1,多云,20,4607.25
2020-03-23,1,3,5667,1,阴,20,4401.75
2020-03-24,2,3,6050,0,阵雨,19,4638.75
2020-03-25,3,3,5375,0,多云,20,4883.25
2020-03-26,4,3,6139,0,小雨,16,5214.25
2020-03-27,5,3,6361,0,小雨,14,5807.75
2020-03-28,6,3,4803,0,阴,10,5981.25
2020-03-29,7,3,4761,1,多云,11,5669.5
2020-03-30,1,3,7057,1,阴,11,5516
2020-03-31,2,3,7293,0,多云,16,5745.5
2020-04-01,3,4,7252,0,阴,15,5978.5
2020-04-02,4,4,7382,0,阴,12,6590.75
2020-04-03,5,4,7707,0,小雨,11,7246
2020-04-04,6,4,5253,0,阴,12,7408.5
2020-04-05,7,4,4750,1,阴,13,6898.5
2020-04-06,1,4,6159,1,阴,13,6273
2020-04-07,2,4,8714,1,阴,15,5967.25
2020-04-08,3,4,8531,0,多云,18,6219
2020-04-09,4,4,8676,0,多云,19,7038.5
2020-04-10,5,4,8873,0,阴,18,8020
2020-04-11,6,4,7125,1,阴,16,8698.5
2020-04-12,7,4,7359,1,阴,17,8301.25
2020-04-13,1,4,9552,0,小雨,14,8008.25
2020-04-14,2,4,9473,0,多云,16,8227.25
2020-04-15,3,4,9316,0,多云,19,8377.25
2020-04-16,4,4,9330,0,阴,22,8925
2020-04-17,5,4,9728,0,阴,19,9417.75
2020-04-18,6,4,7181,1,多云,18,9461.75
2020-04-19,7,4,7182,1,阴,18,8888.75
2020-04-20,1,4,9682,0,阴,17,8355.25
2020-04-21,2,4,9027,0,阴,13,8443.25
2020-04-22,3,4,8985,0,阴,12,8268
2020-04-23,4,4,9100,0,阴,12,8719
2020-04-24,5,4,10372,0,多云,16,9198.5
2020-04-25,6,4,7996,1,多云,17,9371
2020-04-26,7,4,9916,1,多云,21,9113.25
2020-04-27,1,4,10619,0,晴,23,9346
2020-04-28,2,4,10765,0,晴,23,9725.75
2020-04-29,3,4,10499,0,阴,22,9824
2020-04-30,4,4,11902,0,多云,24,10449.75
2020-05-01,5,5,9621,1,多云,24,10946.25
2020-05-02,6,5,9827,1,晴,26,10696.75
2020-05-03,7,5,9616,1,多云,27,10462.25
2020-05-04,1,5,9042,1,多云,26,10241.5
2020-05-05,2,5,8937,0,多云,26,9526.5
2020-05-06,3,5,11237,0,多云,25,9355.5
2020-05-07,4,5,11398,0,中雨,23,9708
2020-05-08,5,5,11655,0,阴,21,10153.5
2020-05-09,6,5,11968,1,多云,19,10806.75
2020-05-10,7,5,8866,1,多云,22,11564.5
2020-05-11,1,5,11544,0,多云,21,10971.75
2020-05-12,2,5,11889,0,阴,20,11008.25
2020-05-13,3,5,12097,0,多云,20,11066.75
2020-05-14,4,5,11824,0,多云,22,11099
2020-05-15,5,5,13284,0,多云,24,11838.5
2020-05-16,6,5,10559,1,多云,25,12273.5
2020-05-17,7,5,9943,1,晴,27,11941
2020-05-18,1,5,12539,0,多云,27,11402.5
2020-05-19,2,5,12264,0,多云,25,11581.25
2020-05-20,3,5,13149,0,多云,24,11326.25
2020-05-21,4,5,12292,0,小雨,22,11973.75
2020-05-22,5,5,13240,0,阴,25,12561
2020-05-23,6,5,10346,1,多云,25,12736.25
2020-05-24,7,5,9551,1,小雨,18,12256.75
2020-05-25,1,5,12572,0,阴,21,11357.25
2020-05-26,2,5,12783,0,阴,21,11427.25
2020-05-27,3,5,12851,0,阴,19,11313
2020-05-28,4,5,12919,0,多云,20,11939.25
2020-05-29,5,5,14144,0,晴,23,12781.25
2020-05-30,6,5,11078,1,多云,24,13174.25
2020-05-31,7,5,10077,1,多云,25,12748
2020-06-01,1,6,14322,0,阵雨,23,12054.5
2020-06-02,2,6,12077,0,多云,21,12405.25
2020-06-03,3,6,13486,0,多云,23,11888.5
2020-06-04,4,6,13473,0,多云,24,12490.5
2020-06-05,5,6,13349,0,多云,27,13339.5
2020-06-06,6,6,12189,1,阴,25,13096.25
2020-06-07,7,6,9760,1,阵雨,25,13124.25
2020-06-08,1,6,13312,1,阵雨,22,12192.75
2020-06-09,2,6,13615,1,多云,25,12152.5
2020-06-10,3,6,13232,0,多云,24,12219
2020-06-11,4,6,14224,0,阴,25,12479.75
2020-06-12,5,6,14642,0,阴,27,13595.75
2020-06-13,6,6,11815,1,阵雨,27,13928.25
2020-06-14,7,6,11446,1,多云,27,13478.25
2020-06-15,1,6,14323,0,多云,26,13031.75
2020-06-16,2,6,13387,0,小雨,24,13056.5
2020-06-17,3,6,13226,0,小雨,24,12742.75
2020-06-18,4,6,13730,0,多云,26,13095.5
2020-06-19,5,6,14855,0,多云,25,13666.5
2020-06-20,6,6,11552,1,阵雨,24,13799.5
2020-06-21,7,6,10932,1,阵雨,24,13340.75
2020-06-22,1,6,13459,0,阵雨,25,12767.25
2020-06-23,2,6,13689,0,阵雨,26,12699.5
2020-06-24,3,6,16173,0,晴,28,12408
2020-06-25,4,6,11517,0,多云,28,13563.25
2020-06-26,5,6,10648,0,阵雨,25,13709.5
2020-06-27,6,6,10104,1,阵雨,25,13006.75
2020-06-28,7,6,14154,1,阴,27,12110.5
2020-06-29,1,6,14402,0,多云,27,11605.75
2020-06-30,2,6,13713,0,多云,28,12327
2020-07-01,3,7,7097,0,暴雨,24,13093.25
2020-07-02,4,7,10867,0,多云,27,12341.5
2020-07-03,5,7,12486,0,多云,27,11519.75
2020-07-04,6,7,9999,1,阵雨,25,11040.75
2020-07-05,7,7,9703,1,阴,26,10112.25
2020-07-06,1,7,13289,0,阴,26,10763.75
2020-07-07,2,7,12374,0,多云,28,11369.25
2020-07-08,3,7,13621,0,阵雨,28,11341.25
2020-07-09,4,7,13218,0,阵雨,27,12246.75
2020-07-10,5,7,14732,0,阵雨,23,13125.5
2020-07-11,6,7,12060,1,阴,25,13486.25
2020-07-12,7,7,11945,1,多云,26,13407.75
2020-07-13,1,7,14413,0,阵雨,26,12988.75
2020-07-14,2,7,14652,0,小雨,27,13287.5
2020-07-15,3,7,14390,0,大雨,25,13267.5
2020-07-16,4,7,14379,0,阵雨,25,13850
2020-07-17,5,7,0,0,阴,28,0
2020-07-18,6,7,0,1,阵雨,27,0
2020-07-19,7,7,0,1,多云,27,0
2020-07-20,1,7,0,0,阴,24,0
2020-07-21,2,7,0,0,阵雨,22,0
2020-07-22,3,7,0,0,阵雨,25,0
2020-07-23,4,7,0,0,阵雨,26,0
2020-07-24,5,7,0,0,中雨,26,0
2020-07-25,6,7,0,1,中雨,24,0
2020-07-26,7,7,0,1,晴,27,0
2020-07-27,1,7,0,0,晴,28,0
2020-07-28,2,7,0,0,多云,29,0
2020-07-29,3,7,0,0,大雨,24,0
2020-07-30,4,7,0,0,大雨,23,0
2020-07-31,5,7,0,0,阵雨,24,0
2020-08-01,6,8,0,1,阴,26,0
2020-08-02,7,8,0,1,阵雨,26,0
2020-08-03,1,8,0,0,阵雨,27,0
2020-08-04,2,8,0,0,阵雨,27,0
2020-08-05,3,8,0,0,小雨,29,0
2020-08-06,4,8,0,0,阵雨,28,0
2020-08-07,5,8,0,0,大雨,25,0
2020-08-08,6,8,0,1,多云,29,0
2020-08-09,7,8,0,1,多云,30,0
2020-08-10,1,8,0,0,多云,29,0
2020-08-11,2,8,0,0,阵雨,25,0
2020-08-12,3,8,0,0,大雨,24,0
2020-08-13,4,8,0,0,小雨,24,0
2020-08-14,5,8,0,0,小雨,27,0
2020-08-15,6,8,0,1,小雨,24,0
2020-08-16,7,8,0,1,小雨,23,0
2020-08-17,1,8,0,0,大雨,23,0
2020-08-18,2,8,0,0,小雨,21,0
2020-08-19,3,8,0,0,中雨,23,0
2020-08-20,4,8,0,0,阴,23,0
2020-08-21,5,8,0,0,多云,26,0
2020-08-22,6,8,0,1,阵雨,24,0
2020-08-23,7,8,0,1,阵雨,25,0
2020-08-24,1,8,0,0,阵雨,25,0
2020-08-25,2,8,0,0,晴,26,0
2020-08-26,3,8,0,0,晴,26,0
2020-08-27,4,8,0,0,多云,28,0
2020-08-28,5,8,0,0,多云,26,0
2020-08-29,6,8,0,1,阵雨,25,0
2020-08-30,7,8,0,1,大雨,22,0
2020-08-31,1,8,0,0,多云,21,0
2020-09-01,2,9,0,0,阴,24,0
2020-09-02,3,9,0,0,多云,25,0
2020-09-03,4,9,0,0,多云,25,0
2020-09-04,5,9,0,0,多云,25,0
2020-09-05,6,9,0,1,阵雨,22,0
2020-09-06,7,9,0,1,晴,26,0
2020-09-07,1,9,0,0,晴,26,0
2020-09-08,2,9,0,0,多云,25,0
2020-09-09,3,9,0,0,阵雨,23,0
2020-09-10,4,9,0,0,多云,24,0
2020-09-11,5,9,0,0,阴,22,0
2020-09-12,6,9,0,0,阵雨,19,0
2020-09-13,7,9,0,1,阵雨,19,0
2020-09-14,1,9,0,1,阴,20,0
2020-09-15,2,9,0,1,阵雨,20,0
2020-09-16,3,9,0,0,阵雨,19,0
2020-09-17,4,9,0,0,阵雨,19,0
2020-09-18,5,9,0,0,多云,20,0
2020-09-19,6,9,0,0,阴,19,0
2020-09-20,7,9,0,1,阵雨,18,0
2020-09-21,1,9,0,1,阵雨,18,0
2020-09-22,2,9,0,0,阴,20,0
2020-09-23,3,9,0,0,多云,20,0
2020-09-24,4,9,0,0,阵雨,19,0
2020-09-25,5,9,0,0,阵雨,17,0
2020-09-26,6,9,0,0,阴,18,0
2020-09-27,7,9,0,1,阵雨,17,0
2020-09-28,1,9,0,1,阵雨,17,0
2020-09-29,2,9,0,0,多云,20,0
2020-09-30,3,9,0,0,多云,20,0
2020-10-01,4,10,0,1,小雨,19,0
2020-10-02,5,10,0,1,小雨,19,0
2020-10-03,6,10,0,1,阴,18,0
2020-10-04,7,10,0,1,阴,16,0
2020-10-05,1,10,0,1,阴,14,0
2020-10-06,2,10,0,1,小雨,13,0
2020-10-07,3,10,0,1,阴,16,0
2020-10-08,4,10,0,0,小雨,15,0
2020-10-09,5,10,0,0,多云,15,0
2020-10-10,6,10,0,1,多云,16,0
2020-10-11,7,10,0,1,阴,17,0
2020-10-12,1,10,0,0,阴,15,0
2020-10-13,2,10,0,0,小雨,15,0
2020-10-14,3,10,0,0,阴,14,0
2020-10-15,4,10,0,0,多云,14,0
2020-10-16,5,10,0,0,多云,15,0
2020-10-17,6,10,0,1,多云,13,0
2020-10-18,7,10,0,1,小雨,13,0
2020-10-19,1,10,0,0,阴,13,0
2020-10-20,2,10,0,0,小雨,14,0
2020-10-21,3,10,0,0,晴,17,0
2020-10-22,4,10,0,0,晴,17,0
2020-10-23,5,10,0,0,阴,16,0
2020-10-24,6,10,0,1,阴,16,0
2020-10-25,7,10,0,1,多云,17,0
2020-10-26,1,10,0,0,阴,18,0
2020-10-27,2,10,0,0,阴,15,0
2020-10-28,3,10,0,0,多云,15,0
2020-10-29,4,10,0,0,多云,16,0
2020-10-30,5,10,0,0,小雨,15,0
2020-10-31,6,10,0,1,多云,16,0
2020-11-01,7,11,0,1,阴,16,0
2020-11-02,1,11,0,0,多云,15,0
2020-11-03,2,11,0,0,多云,14,0
2020-11-04,3,11,0,0,小雨,12,0
2020-11-05,4,11,0,0,阴,12,0
2020-11-06,5,11,0,0,晴,16,0
2020-11-07,6,11,0,1,晴,18,0
2020-11-08,7,11,0,1,多云,16,0
2020-11-09,1,11,0,0,多云,17,0
2020-11-10,2,11,0,0,多云,18,0
2020-11-11,3,11,0,0,多云,17,0
2020-11-12,4,11,0,0,多云,18,0
2020-11-13,5,11,0,0,阴,17,0
2020-11-14,6,11,0,1,多云,17,0
2020-11-15,7,11,0,1,多云,18,0
2020-11-16,1,11,0,0,多云,17,0
2020-11-17,2,11,0,0,多云,17,0
2020-11-18,3,11,0,0,多云,16,0
2020-11-19,4,11,0,0,晴,15,0
2020-11-20,5,11,0,0,阴,14,0
2020-11-21,6,11,0,1,阴,10,0
2020-11-22,7,11,0,1,阴,6,0
2020-11-23,1,11,0,0,多云,6,0
2020-11-24,2,11,0,0,阴,7,0
2020-11-25,3,11,0,0,多云,8,0
2020-11-26,4,11,0,0,阴,9,0
2020-11-27,5,11,0,0,阴,9,0
2020-11-28,6,11,0,1,小雨,9,0
2020-11-29,7,11,0,1,阴,8,0
2020-11-30,1,11,0,0,小雨,8,0
2020-12-01,2,12,0,0,小雨,7,0
2020-12-02,3,12,0,0,小雨,6,0
2020-12-03,4,12,0,0,小雨,4,0
2020-12-04,5,12,0,0,小雨,4,0
2020-12-05,6,12,0,1,阴,5,0
2020-12-06,7,12,0,1,阴,6,0
2020-12-07,1,12,0,0,阴,7,0
2020-12-08,2,12,0,0,多云,6,0
2020-12-09,3,12,0,0,阴,7,0
2020-12-10,4,12,0,0,多云,8,0
2020-12-11,5,12,0,0,阴,8,0
2020-12-12,6,12,0,1,阴,8,0
2020-12-13,7,12,0,1,小雨,5,0
2020-12-14,1,12,0,0,阴,2,0
2020-12-15,2,12,0,0,小雨,3,0
2020-12-16,3,12,0,0,小雨,3,0
2020-12-17,4,12,0,0,小雨,3,0
2020-12-18,5,12,0,0,多云,5,0
2020-12-19,6,12,0,1,多云,4,0
2020-12-20,7,12,0,1,多云,4,0
2020-12-21,1,12,0,0,多云,5,0
2020-12-22,2,12,0,0,阴,5,0
2020-12-23,3,12,0,0,多云,7,0
2020-12-24,4,12,0,0,多云,8,0
2020-12-25,5,12,0,0,小雨,6,0
2020-12-26,6,12,0,1,多云,7,0
2020-12-27,7,12,0,1,多云,6,0
2020-12-28,1,12,0,0,多云,6,0
2020-12-29,2,12,0,0,多云,4,0
2020-12-30,3,12,0,0,多云,4,0
2020-12-31,4,12,0,0,多云,3,0
